0.38877892
0.49267894
0.52472234
0.54414135
0.35888338
0.33654484
0.35473725
0.36867583
0.42657098
0.2574509
0.35137948
0.3944465
0.41002107
0.34181753
0.26229107
0.4042579
0.5925198
0.46651244
0.48265794
0.38412786
0.459828
0.24870373
0.4237613
0.427452
0.5279559
0.36815572
0.424696
0.41945598
0.47793022
0.43584925
0.56773996
0.51996905
0.25810438
0.46016562
0.4403649
0.37916234
0.5627855
0.364232
0.43851843
0.34672928
0.39627078
0.36435097
0.41427097
0.37928143
0.42813304
0.32654536
0.6960201
0.4481788
0.42257914
0.47477406
0.30675286
0.49456444
0.46541634
0.26025212
0.39263496
0.5077706
0.44653538
0.3850458
0.33841223
0.4137584
0.47088164
0.4193855
0.46500286
0.3903528
0.31621403
0.3263847
0.43324488
0.42656136
0.29935366
0.43690598
0.29269195
0.38976833
0.38336247
0.37201726
0.53250325
0.35702914
0.3638749
0.42572352
0.56018615
0.37481457
0.2893344
0.4094666
0.31728896
0.45807254
0.5215815
0.33995524
0.42349437
0.52692413
0.45304364
0.4487084
0.38067082
0.5485181
0.3599887
0.45133036
0.54050434
0.3910506
0.50889
0.48436555
0.39279673
0.54602647
0.3887477
0.3280849
0.50088304
0.27937573
0.48532772
0.3503862
0.4459823
0.56393594
0.3337053
0.5071188
0.6195864
0.40023288
0.32501236
0.28090727
0.41389444
0.54484415
0.36059228
0.45027012
0.33459282
0.41970354
0.44485497
0.49102432
0.39897153
0.4837218
0.30494827
0.34408474
0.3680669
0.3796573
0.45831835
0.48498452
0.38036478
0.43471175
0.41476324
0.3406927
0.43076125
0.36761504
0.40545094
0.47291276
0.2990702
0.31379205
0.51056623
0.4159302
0.46679664
0.46797284
0.50791633
0.45409116
0.46312463
0.5474978
0.4975162
0.30049157
0.28304702
0.37925982
0.35828486
0.242642
0.5103593
0.4373048
0.5620454
0.30685472
0.46352506
0.30102438
0.63392854
0.30390355
0.34480336
0.32300758
0.5036446
0.38134333
0.42379293
0.33728498
0.42838034
0.3073442
0.35314536
0.47155547
0.47175136
0.5200926
0.4072101
0.4096259
0.42900753
0.4247399
0.48392704
0.3965152
0.30735862
0.42789486
0.313425
0.3324079
0.34930906
0.41774404
0.38995475
0.31921732
0.30985367
0.36885273
0.3907713
0.4887771
0.4800505
0.29939052
0.5214647
0.41223434
0.4972652
0.4718404
0.46213382
0.5195669
0.3074216
0.4557209
0.37735927
0.4175339
0.31791866
0.50166786
0.5318754
0.52661437
0.31462997
0.31411913
0.46619043
0.48322836
0.28932104
0.47741103
0.39412794
0.45416364
0.5266888
0.35349962
0.63756096
0.51761174
0.36369482
0.38214627
0.4951827
0.44298056
0.40303138
0.37324077
0.30585155
0.35722506
0.35565174
0.47158185
0.5108448
0.41051584
0.3761694
0.37972313
0.54442734
0.39712146
0.3568311
0.36737892
0.50122976
0.49928755
0.28671727
0.4268839
0.41612652
0.38009396
0.3118574
0.38411176
0.40669423
0.2849365
0.4201659
0.3715214
0.31536576
0.4248725
0.46108815
0.38336098
0.49646714
0.3962828
0.38824368
0.49016416
0.49550545
0.38883758
0.35986534
0.4282621
0.47951803
0.37438583
0.6186049
0.4650393
0.3163573
0.37106422
0.39724654
0.44186035
0.43042934
0.2771618
0.36359712
0.40172598
0.39180997
0.34205168
0.52430415
0.431663
0.3472706
0.3234779
0.26558658
0.5037796
0.52077407
0.35533142
0.26703456
0.41436875
0.405906
0.231459
0.5266171
0.38478214
0.44334665
0.3963029
0.39643776
0.42903796
0.4088672
0.32737437
0.3610218
0.6006737
0.4618966
0.39244592
0.4361203
0.34105432
0.39496905
0.5688751
0.29354334
0.45360035
0.4025772
0.5235017
0.3597314
0.39852816
0.27193522
0.5234158
0.46286693
0.505884
0.3697089
0.43050274
0.530877
0.39900702
0.3640365
0.33057195
0.36925706
0.2912455
0.40321696
0.49743482
0.4555089
0.38065368
0.46092904
0.5642545
0.45669976
0.32996777
0.4000075
0.37852868
0.39329332
0.4695298
0.41777837
0.5671073
0.47056463
0.60974926
0.26954556
0.35955963
0.45327598
0.48678654
0.32114947
0.38915482
0.3076134
0.45561478
0.45703152
0.30162168
0.46535945
0.542621
0.4771723
0.36015123
0.43654326
0.35490972
0.5782954
0.40760443
0.3534138
0.51364356
0.44729745
0.3983416
0.33419943
0.42563233
0.35743436
0.31904244
0.4715545
0.3887952
0.45405892
0.4769107
0.37957767
0.33450046
0.39062747
0.5316059
0.52163774
0.33508393
0.43200275
0.2412598
0.30362812
0.49097228
0.41116133
0.38300225
0.3895708
0.4189851
0.47457978
0.3045143
0.46248576
0.374505
0.30092776
0.40367347
0.4498495
0.3132509
0.36759168
0.38492665
0.33364955
0.5102517
0.5264275
0.26160854
0.39353377
0.50207907
0.4734931
0.386252
0.3495898
0.43940932
0.46427786
0.42728892
0.4476921
0.27916807
0.3798111
0.34039214
0.3480453
0.49899945
0.38334864
0.5864512
0.41978398
0.42013302
0.48794323
0.32436073
0.33595476
0.49686867
0.43039373
0.44055676
0.46359175
0.3588086
0.4677979
0.28244427
0.38334435
0.46221483
0.33145475
0.3856843
0.32809645
0.3455815
0.39038268
0.44556668
0.4791423
0.29961
0.32961038
0.52311146
0.4714573
0.40697828
0.43578324
0.48410887
0.34260118
0.45408955
0.4974699
0.38101208
0.31523517
0.33931467
0.49260917
0.32023475
0.45020652
0.29003927
0.58490705
0.54100096
0.3007562
0.48275042
0.5543604
0.5709907
0.37879044
0.42170632
0.3679844
0.30475628
0.5106854
0.33919507
0.54978895
0.31094253
0.6389966
0.29037124
0.2592582
0.5014972
0.53767264
0.34203613
0.5139093
0.40471286
0.44038904
0.521581
0.43574536
0.44204542
0.34658316
0.32983622
0.38842675
0.35630932
0.527559
0.43871683
0.5910879
0.33959416
0.43536222
0.47327808
0.37346673
0.39287606
0.3123599
0.4656146
0.494122
0.40092131
0.377465
0.35683188
0.4901014
0.39647967
0.31901047
0.5316154
0.46751648
0.4833404
0.35814154
0.5381479
0.4475549
0.58972746
0.32284313
0.42091903
0.43016914
0.42031658
0.4030153
0.21588106
0.43376315
0.46561393
0.36978957
0.60162747
0.321491
0.57916516
0.47373492
0.47718516
0.5581856
0.554263
0.34617108
0.34522924
0.3937927
0.52023244
0.36811915
0.5121065
0.47684503
0.3044339
0.5015496
0.4764381
0.43673027
0.4251615
0.41227883
0.34256694
0.51253784
0.3642979
0.46480918
0.3088535
0.42735875
0.37215677
0.44568428
0.2997212
0.42542467
0.29189736
0.39403173
0.2488833
0.36795965
0.35717872
0.29644477
0.35700718
0.40473482
0.35836294
0.4493423
0.33262473
0.455723
0.3748577
0.4977057
0.44650012
0.30353278
0.5365259
0.3926893
0.4904647
0.345049
0.41216883
0.35698843
0.3024053
0.396446
0.46571723
0.45557433
0.428297
0.2976344
0.38959554
0.39563903
0.57030785
0.4761682
0.3115525
0.3200798
0.32786325
0.44505835
0.612218
0.39132538
0.26694214
0.5619568
0.3897911
0.5873686
0.27636454
0.4969672
0.4729181
0.43888986
0.45319822
0.5358201
0.37420827
0.39244735
0.4713924
0.35479274
0.3336566
0.5291273
0.3220125
0.32505786
0.47107255
0.33800325
0.29466274
0.37620166
0.34843513
0.4077929
0.43950644
0.34779164
0.33785003
0.53966725
0.50008893
0.30272752
0.4562346
0.37334752
0.4027898
0.37107003
0.46054983
0.41765246
0.45100847
0.4162026
0.26599553
0.49177057
0.40670028
0.4085945
0.33204797
0.5296452
0.4732152
0.45896432
0.28575462
0.5188158
0.4845533
0.5772096
0.38747454
0.6077379
0.3353063
0.36042452
0.2598125
0.45488307
0.33884105
0.40772986
0.56836545
0.26424548
0.38541093
0.46382433
0.47595805
0.43273035
0.34522182
0.38183963
0.550828
0.3946457
0.665027
0.31630328
0.4325126
0.3608685
0.36348403
0.37387696
0.43327126
0.42662948
0.42493415
0.53938675
0.3475702
0.32647306
0.54884803
0.41890392
0.41088283
0.50186837
0.44455573
0.39100832
0.5212677
0.37792954
0.35705882
0.34849653
0.3849663
0.5339389
0.46339345
0.3786546
0.4675232
0.64703584
0.41307178
0.32412642
0.4363746
0.2998895
0.37995797
0.4356366
0.43148252
0.34924376
0.38931957
0.42922005
0.31100088
0.3430839
0.48299935
0.32195562
0.34355813
0.41080654
0.4154177
0.4935039
0.40230915
0.3760841
0.42768276
0.39483204
0.40857625
0.3059801
0.51396
0.40972587
0.44481266
0.38144046
0.60025
0.4689814
0.39788035
0.5060111
0.38915005
0.41995347
0.4014625
0.3314045
0.45879117
0.37363425
0.5102457
0.37582704
0.37302378
0.44426656
0.48852712
0.5128616
0.4786672
0.42185342
0.36262438
0.42131925
0.48368236
0.42272598
0.3616079
0.36103466
0.49843237
0.44480282
0.2834299
0.45367253
0.41673157
0.38299897
0.29348877
0.5707931
0.47911426
0.38284212
0.35686204
0.3897716
0.36848998
0.2753116
0.49454695
0.3646094
0.43934208
0.47583452
0.42248532
0.31472364
0.3034119
0.48558003
0.44587156
0.36593923
0.42053592
0.5431086
0.4716507
0.41067928
0.38810623
0.51820326
0.3339875
0.3428752
0.41690603
0.42482522
0.31511062
0.38191834
0.44855216
0.50296915
0.5317538
0.37931287
0.4872683
0.45731118
0.5429605
0.31696293
0.36171648
0.4434791
0.48466757
0.39660704
0.36127973
0.33716047
0.35362065
0.30809203
0.5865413
0.34137398
0.37530798
0.39902788
0.3244058
0.3870286
0.39951202
0.4795152
0.43758476
0.51401305
0.32288048
0.39916784
0.51130706
0.28993058
0.44547594
0.34364706
0.3082962
0.4553027
0.29107532
0.3634044
0.44428122
0.33171618
0.4393599
0.36370045
0.36006978
0.39388892
0.41964057
0.5046455
0.29830098
0.2745682
0.5068257
0.5234071
0.42860153
0.34012824
0.388523
0.332538
0.39468393
0.5576223
0.3283102
0.30218288
0.35160518
0.28150505
0.52538127
0.33607188
0.47037977
0.4685077
0.4617806
0.57690537
0.29933822
0.4993425
0.46770835
0.27962133
0.280639
0.5537045
0.48422214
0.5070886
0.4611045
0.42519706
0.3950984
0.4727685
0.5034362
0.31219578
0.32811812
0.535953
0.43577275
0.3859135
0.33656108
0.43144917
0.39167216
0.39797813
0.2507625
0.5233356
0.4342954
0.52588695
0.5099942
0.3230797
0.52244264
0.42150214
0.46103522
0.57644564
0.38890776
0.36660329
0.32333535
0.49790165
0.40313473
0.37720197
0.31741512
0.31308007
0.5139421
0.45582712
0.3700515
0.34675142
0.38953716
0.2846593
0.2959629
0.28725982
0.41842705
0.4933824
0.41539574
0.275018
0.4718527
0.3431288
0.35925788
0.43176267
0.51412296
0.41717252
0.3886651
0.3212838
0.3824884
0.42049685
0.57199544
0.42235428
0.33457947
0.4478557
0.4831915
0.37385634
0.30769524
0.26871985
0.4255166
0.6074705
0.34758928
0.39199844
0.34056056
0.31495598
0.28187752
0.5050315
0.29254302
0.40152785
0.5170257
0.3763402
0.32116094
0.38470367
0.34830818
0.38928685
0.44896305
0.51746404
0.3915394
0.55950046
0.54231936
0.5063621
0.3257985
0.51739275
0.49198005
0.36197925
0.36867946
0.30459362
0.4510882
0.35693637
0.35051882
0.33769
0.46621183
0.49195626
0.36655122
0.34988773
0.41451377
0.4021588
0.4307733
0.53524333
0.5075664
0.35608023
0.47904465
0.54474336
0.50307053
0.470596
0.29886597
0.44411755
0.49705428
0.34690338
0.5199822
0.44285208
0.35961536
0.4267754
0.36789855
0.3788706
0.5996691
0.46732002
0.36113444
0.38736317
0.49302226
0.37624103
0.33137456
0.3953671
0.37843803
0.4819091
0.40346867
0.45903203
0.36200806
0.30691427
0.58154297
0.3079614
0.42105094
0.5794149
0.35886014
0.40040937
0.3106978
0.47381958
0.5049152
0.46946037
0.40828553
0.5370114
0.35135478
0.5671184
0.31247905
0.36055925
0.32254195
0.52580804
0.634491
0.42052528
0.5069553
0.4186623
0.29746795
0.32227877
0.3214412
0.4328988
0.485268
0.32876402
0.49447852
0.4760485
0.5404612
0.3957017
0.4283901
0.4364125
0.25106248
0.33735746
0.50160736
0.34349373
0.29632258
0.43664178
0.36620554
0.6189376
0.46229348
0.49627402
0.58009
0.49724913
0.42743823
0.37974632
0.47351187
0.32365876
0.45956606
0.48386106
0.38030753
0.53805196
0.4508226
0.29525614
0.3427412
0.3466363
0.6270494
0.64923155
0.31249684
0.51356393
0.4589232
0.35062972
0.32550943
0.35740593
0.6314951
0.35115033
0.44767055
0.40338776
0.5011027
0.4377736
0.44334972
0.5665889
0.48313972
0.52438164
0.49155834
0.5111805
0.37951776
0.39033893
0.4514779
0.3447924
0.5086526
0.402122
0.34618044
0.47889
0.57798046
0.2949283
0.37502488
0.50705194
0.41941777
0.23212327
0.36200672
0.38553292
0.4717839
0.3761014
0.3488025
0.47417971
0.40690497
0.40688646
0.36335158
0.44385105
0.40362528
0.2957118
0.47914833
0.38922945
0.35217583
0.48815966
0.4101937
0.41354132
0.35618806
0.41298074
0.39022952
0.4163049
0.51642865
0.4184606
0.33146992
0.38626304
0.5277156
0.33675686
0.43096578
0.4437239
0.4339971
0.33831546
0.4705421
0.38179064
0.4474638
0.35331485
0.44934618
0.45360923
0.47242343
0.40518823
0.51105785
0.45358026
0.30602962
0.35124218
0.5558067
0.26041868
0.5448934
0.4356548
0.36091194
0.2825578
0.33169356
0.4486912
0.4844529
0.2987601
0.4988684
0.31768882
0.34035298
0.33781853
0.44722396
0.37411162
0.35761404
0.2818482
0.28332722
0.4521979
0.34836882
0.33798862
0.36917457
0.30281597
0.37344074
0.44575286
0.5688559
0.37233523
0.39983788
0.4796718
0.38087764
0.28942955
0.4451185
0.33938605
0.46335027
0.5371537
0.342116
0.34118414
0.4434414
0.53258765
0.4834808
0.4639398
0.30422848
0.49368423
0.34702677
0.41830787
0.49676844
0.3341863
0.5179063
0.4355188
0.4076388
0.3517002
0.43985602
0.3218943
0.5345633
0.32626992
0.50895274
0.48642334
0.29265115
0.38135868
0.28273934
0.3840422
0.34406435
0.41610348
0.3881052
0.41847783
0.3892541
0.40965238
0.34484825
0.33600628
0.36839426
0.3059023
0.4864915
0.40302363
0.42522374
0.45448312
0.52720237
0.38603765
0.53223825
0.27010667
0.34465498
0.39749146
0.40680408
0.33381814
0.44233483
0.41873366
0.6221132
0.51071626
0.33345205
0.36766207
0.43887904
0.4405919
0.3223747
0.28180778
0.5474802
0.49275857
0.50024956
0.38804275
0.39981338
0.46435976
0.3837443
0.47690365
0.49488062
0.45191085
0.40162188
0.37159103
0.25590944
0.4680155
0.42048517
0.3494093
0.39081547
0.5614326
0.6446093
0.41234788
0.52598125
0.44632947
0.3253407
0.4662364
0.39051452
0.53964853
0.39388525
0.39248076
0.40085727
0.5494055
0.4615337
0.48163584
0.38803822
0.5581321
0.36602584
0.36415488
0.5078228
0.45297825
0.43430728
0.38555866
0.38124958
0.59235066
0.59164333
0.31756148
0.26988852
0.40752468
0.5314539
0.3903826
0.42022863
0.43875718
0.33285952
0.5227355
0.51600397
0.42866614
0.34417617
0.43574354
0.38117707
0.43059582
0.35459343
0.32207173
0.24645892
0.25372604
0.30724803
0.4334817
0.46787527
0.487471
0.38656688
0.3340361
0.3462297
0.41668034
0.48587388
0.29428625
0.48102385
0.5161678
0.37785044
0.45472777
0.35490385
0.5053349
0.50226074
0.64509225
0.5318816
0.28771186
0.4068263
0.3749222
0.3322376
0.41367862
0.36935422
0.35948643
0.46069553
0.34361738
0.48322588
0.31529257
0.4027043
0.6226043
0.48929733
0.37639204
0.4067925
0.5176857
0.5006443
0.47388768
0.3475035
0.47988153
0.3803711
0.31071204
0.3212896
0.5136058
0.5752487
0.5300977
0.39908135
0.40962237
0.36965168
0.3133766
0.5362365
0.31664228
0.34778714
0.41844645
0.33946237
0.37652147
0.3816699
0.31307125
0.33522618
0.3562422
0.3809035
0.35023376
0.37638915
0.36731118
0.49502623
0.3935627
0.41828316
0.41981253
0.4082417
0.56535566
0.30377126
0.37593776
0.43712348
0.33263034
0.40409404
0.36636323
0.3750558
0.47737196
0.21371387
0.45084536
0.62948716
0.5155014
0.34818098
0.42509404
0.35393256
0.5566248
0.55137783
0.5480405
0.45113602
0.4303891
0.3256441
0.3720202
0.5619981
0.31999376
0.5112053
0.4293622
0.52206737
0.3222761
0.49885574
0.36601704
0.3853383
0.34906375
0.4324291
0.42595658
0.49462456
0.24478905
0.3770411
0.4225636
0.48041582
0.44213808
0.40647855
0.359961
0.6005263
0.32790804
0.3790065
0.3588789
0.39940983
0.444545
0.40875632
0.48415032
0.2944404
0.3557319
0.34384966
0.34154013
0.43436295
0.4310486
0.512274
0.4806475
0.4235674
0.3918188
0.41809103
0.41880918
0.42062008
0.5217533
0.542343
0.41882083
0.37958008
0.40756607
0.3944465
0.293031
0.35819674
0.37863135
0.38195074
0.4515951
0.43662405
0.4280025
0.4539842
0.2828861
0.4027869
0.39108092
0.51260936
0.4291475
0.37329334
0.3714902
0.46038225
0.36788878
0.39565137
0.4261564
0.372225
0.24019608
0.48598263
0.43281052
0.35962144
0.37317514
0.28311396
0.38314545
0.31430656
0.51405853
0.4655429
0.3352196
0.28015548
0.42080384
0.5176064
0.33777606
0.43832135
0.28854457
0.39475828
0.42899537
0.36707497
0.4841071
0.41359857
0.4463533
0.28719828
0.32704985
0.29739174
0.40338323
0.3614836
0.5283991
0.39708546
0.3519271
0.51111084
0.29946387
0.3611029
0.5083038
0.5873058
0.51204085
0.53835416
0.40307757
0.45029926
0.425318
0.39123055
0.34278116
0.5070373
0.4804879
0.41978616
0.29898304
0.411726
0.34755707
0.32279462
0.3739287
0.437238
0.36539805
0.34199214
0.317092
0.42724615
0.47560862
0.4252185
0.3301338
0.48430464
0.48890167
0.49953184
0.52049226
0.4930688
0.30739668
0.41974056
0.26846302
0.35841912
0.359361
0.4433492
0.34426007
0.50743276
0.43808478
0.34337902
0.27338225
0.47443557
0.37525663
0.2867026
0.38440078
0.3567045
0.30981815
0.38836944
0.47328198
0.3842621
0.35456008
0.36390343
0.43969825
0.41134387
0.5551374
0.3422566
0.47664002
0.40828347
0.33561012
0.44450107
0.32779282
0.489011
0.31234697
0.42222562
0.3437418
0.3542849
0.4628202
0.36168277
0.40051785
0.5736873
0.33003786
0.2862535
0.38288516
0.49583873
0.35806465
0.41403416
0.39467648
0.43220443
0.43520856
0.42036542
0.54697496
0.27435434
0.34922445
0.33052522
0.49563688
0.42711428
0.3919666
0.41693527
0.6069469
0.40194488
0.39406097
0.33056614
0.46963358
0.44828752
0.49455553
0.38518217
0.4233866
0.39290395
0.33792454
0.57176846
0.5323776
0.5261313
0.29390395
0.4749012
0.45208412
0.5000027
0.47996342
0.43424067
0.42559928
0.39992642
0.54312015
0.4466093
0.42452732
0.34079015
0.37112117
0.30783063
0.48023477
0.32356414
0.25942454
0.49806416
0.45181456
0.34797227
0.31852877
0.3735541
0.49113137
0.4196826
0.34189045
0.44679782
0.35212237
0.5225802
0.38976833
0.44215778
0.36098644
0.5475034
0.3655677
0.39941707
0.36703908
0.39822036
0.40707296
0.4796008
0.391924
0.5533669
0.3463785
0.4118147
0.47448194
0.3353923
0.38965032
0.42621002
0.38863733
0.4606298
0.44969705
0.304491
0.24789762
0.36785242
0.38194275
0.51791435
0.3427187
0.33477336
0.5441145
0.38407862
0.51629066
0.41537875
0.44540042
0.5432823
0.3987878
0.32875487
0.44915685
0.546901
0.43174124
0.36676356
0.3455356
0.32119238
0.4651683
0.45386988
0.3851424
0.37791482
0.54523665
0.48330873
0.33101717
0.45055294
0.33234447
0.40240747
0.40732393
0.47477502
0.36250576
0.3476268
0.34992337
0.38771138
0.52099884
0.31292534
0.39314353
0.5827905
0.3357088
0.38474753
0.3335461
0.38346472
0.30410644
0.250691
0.41948205
0.45493
0.37674057
0.37372163
0.39731336
0.43380946
0.31824237
0.4176934
0.42735928
0.36941376
0.36796498
0.30757684
0.48743635
0.37452847
0.23418769
0.4182324
0.5050909
0.4502869
0.50191575
0.4076338
0.31472778
0.3397609
0.40753955
0.43626514
0.35581535
0.5599424
0.42737657
0.39837554
0.3278135
0.3065457
0.46739948
0.53457516
0.39163283
0.38217586
0.4214983
0.30537796
0.372726
0.52822363
0.5198546
0.45501974
0.25836954
0.34450388
0.44493926
0.46991628
0.31365028
0.5434735
0.650033
0.42063597
0.37244704
0.29285032
0.5146117
0.31621602
0.34299517
0.38402593
0.37627983
0.4081173
0.38027382
0.4205576
0.5569457
0.38253215
0.3491497
0.54699254
0.22274308
0.5171825
0.34425682
0.3342039
0.3261056
0.3712383
0.5338147
0.33340803
0.36275464
0.36295807
0.3984777
0.3246439
0.362773
0.47408193
0.3066662
0.37447858
0.42733768
0.3770991
0.41301635
0.38383478
0.29396367
0.33858275
0.46241686
0.59766567
0.4380401
0.419249
0.3842892
0.38439947
0.30072328
0.3112878
0.51269233
0.5218527
0.63518727
0.56650066
0.46532848
0.5871879
0.33239627
0.45924258
0.45443273
0.37163678
0.42145807
0.29805693
0.3668083
0.35890877
0.5214876
0.31760633
0.47611782
0.27643585
0.39490038
0.32194582
0.50967
0.44399366
0.45690045
0.4320329
0.42635804
0.2856348
0.41698188
0.558719
0.44540226
0.42871493
0.40329272
0.43463722
0.50101733
0.38854405
0.4260934
0.2912253
0.3661891
0.36909428
0.32128984
0.33224547
0.3879362
0.33630615
0.41988736
0.34133148
0.43065792
0.41686887
0.22319071
0.4666737
0.43797302
0.3292495
0.5174141
0.4211891
0.48219332
0.47836176
0.45407096
0.32367694
0.36905748
0.3600961
0.41680074
0.30897287
0.33367577
0.46419373
0.49472746
0.41082543
0.5239963
0.43716177
0.49001494
0.3603574
0.43223462
0.32338652
0.38740665
0.59353936
0.34732082
0.40914783
0.46598116
0.5426508
0.38850304
0.40940246
0.53523225
0.63373303
0.5235171
0.3551478
0.5369272
0.54722404
0.52639824
0.4508154
0.37579846
0.36194348
0.4238213
0.4124588
0.38542587
0.45840964
0.43626782
0.33346668
0.36777836
0.4497397
0.42910764
0.468545
0.4221162
0.44135526
0.4813764
0.5121209
0.42616
0.33911335
0.4354688
0.45913035
0.38075662
0.48928037
0.43023366
0.38904226
0.5258343
0.33083308
0.45565382
0.31571424
0.3879208
0.61725736
0.40219292
0.45005006
0.3462682
0.40833554
0.31080493
0.61753005
0.39361054
0.28404704
0.35147354
0.33381736
0.32720214
0.42190212
0.3435635
0.30482066
0.36423838
0.4432994
0.4462852
0.2992846
0.54541326
0.451747
0.3667987
0.5370975
0.4508977
0.43109515
0.5182382
0.4610199
0.45727652
0.49249566
0.53537786
0.3629499
0.38225177
0.5310887
0.37090582
0.45682064
0.33597746
0.4492109
0.42069635
0.3281983
0.48827466
0.40854046
0.35732266
0.48660225
0.5058501
0.37577438
0.340143
0.5627545
0.44036493
0.45887223
0.43378013
0.4515784
0.3630929
0.27079517
0.4889094
0.4709921
0.34145832
0.4478238
0.35798347
0.32400876
0.5124972
0.5016744
0.46318582
0.528392
0.3487721
0.35452986
0.32668144
0.25682083
0.3981553
0.37260234
0.54771537
0.54567325
0.45872796
0.46336427
0.42041284
0.27527228
0.32695892
0.52359086
0.3712605
0.49973205
0.59719807
0.2983189
0.60237
0.40619168
0.3454183
0.52857673
0.4311527
0.48196653
0.2840309
0.477388
0.3026393
0.55221605
0.51925075
0.4370518
0.3788762
0.40313566
0.28277078
0.3752894
0.4984322
0.39328015
0.59058577
0.5054175
0.41947886
0.363573
0.42356113
0.30968887
0.3858882
0.45725048
0.41038057
0.3810239
0.45894778
0.48669684
0.39699888
0.36655077
0.4535154
0.39867288
0.41036457
0.3853033
0.31668442
0.4075011
0.33993146
0.4694075
0.42281422
0.3557604
0.38903648
0.4430075
0.37966236
0.51112354
0.35780552
0.6160939
0.53206676
0.54164255
0.39090335
0.29955783
0.42704427
0.47506922
0.3631238
0.34436288
0.3474752
0.36898234
0.5312158
0.44362813
