15.105958819389343 91.8752908706665
11.809203147888184 105.18731847405434
2.449266657233238 140.36952704191208
10.47537761926651 110.9674908220768
16.87866723537445 86.1361064016819
10.645171105861664 110.25811731815338
11.476292729377747 106.66375830769539
13.034770965576172 99.80764240026474
9.30174970626831 115.60333520174026
4.066694483160973 135.27130037546158
10.168630003929138 112.22415342926979
3.25996433198452 138.12241703271866
12.72362506389618 101.1451281607151
7.138659179210663 123.46827238798141
4.1989012360572815 134.77066308259964
9.877617835998535 113.38585913181305
19.116591930389404 78.43630202114582
12.014620661735535 104.27309945225716
9.095515191555023 116.37427136301994
9.328458607196808 115.5025526881218
14.599120020866394 93.651869520545
15.305347800254822 91.20054766535759
14.257616877555847 94.90617737174034
10.511911451816559 110.81545650959015
6.584610283374786 125.52040964365005
14.875783443450928 92.67058037221432
5.6044906079769135 129.27708253264427
17.445985555648804 84.31308455765247
11.18360149860382 107.94874578714371
17.63439679145813 83.69520232081413
6.942105829715729 124.19047579169273
9.954234063625336 113.08290138840675
9.402972519397736 115.22054001688957
2.2437824569642544 140.78784435987473
6.76855081319809 124.8333215713501
6.2314207553863525 126.85586661100388
10.104195833206177 112.48426660895348
6.523818552494049 125.74850544333458
14.129956603050232 95.38728818297386
3.682348683476448 136.68123334646225
10.568958282470703 110.57743057608604
2.7937026619911194 139.5178198814392
13.379265308380127 98.36392924189568
17.75968062877655 83.2796648144722
11.965537309646606 104.49151024222374
10.2273730635643 111.98602840304375
12.016937017440796 104.26289290189743
18.047391533851624 82.30893686413765
9.717988312244415 114.01045098900795
2.3445836268365383 140.5918911099434
5.081557750701904 131.33028894662857
15.173744678497314 91.64450913667679
3.321060761809349 137.92290687561035
11.546386361122131 106.35363981127739
14.13006603717804 95.38719952106476
8.200587570667267 119.6323461830616
13.390532732009888 98.31775203347206
9.216401815414429 115.92361852526665
10.412457823753357 111.22788563370705
7.413309872150421 122.46764451265335
11.515145063400269 106.57042860984802
12.611595630645752 101.6340933740139
12.720283031463623 101.16024240851402
10.483818531036377 110.93230247497559
7.019414603710175 123.90579804778099
8.158815920352936 119.78246122598648
5.011175513267517 131.60770162940025
13.160508632659912 99.27562400698662
17.75251805782318 83.30358006060123
9.179163098335266 116.06271862983704
15.044430017471313 92.08596982061863
15.4852135181427 90.60181640088558
17.336614727973938 84.66899693012238
7.5123268365859985 122.10917919874191
12.673990249633789 101.36163532733917
18.321610927581787 81.35904967784882
4.642051786184311 133.05741250514984
5.835733234882355 128.3772110939026
5.994631856679916 127.76291444897652
12.365583419799805 102.71558612585068
17.139219164848328 85.3043794631958
6.235425025224686 126.84061676263809
10.588409662246704 110.4958564043045
7.231564998626709 123.12861904501915
5.211940735578537 130.81709295511246
4.96573406457901 131.78664222359657
5.547775834798813 129.4988989830017
12.249122977256775 103.23120728135109
13.899985074996948 96.27336487174034
10.51967591047287 110.78293845057487
5.1462582647800446 131.0756415128708
10.981648862361908 108.82449597120285
16.127681970596313 88.52012865245342
14.898727059364319 92.59001016616821
2.5716915279626846 140.08705019950867
3.4993493407964706 137.3224414885044
15.90604031085968 89.23030011355877
4.636808604001999 133.07796120643616
4.060590714216232 135.29412299394608
11.400522470474243 106.99782595038414
8.149731278419495 119.814932346344
10.373618364334106 111.38802990317345
9.725761890411377 113.98078054189682
5.613548964262009 129.24180552363396
6.539468169212341 125.68983733654022
13.619638442993164 97.38467931747437
4.4627863466739655 133.755661547184
16.897743105888367 86.07568070292473
3.877358555793762 135.97519770264626
5.989168733358383 127.78429761528969
10.619551181793213 110.36524176597595
18.4964941740036 80.73851801455021
7.06416779756546 123.74137192964554
11.156329870223999 108.06756839156151
5.862982869148254 128.27185988426208
11.226392388343811 107.76185691356659
11.133020401000977 108.16900804638863
10.328606069087982 111.57288998365402
7.975763738155365 120.43986842036247
17.110699772834778 85.39574034512043
18.41260862350464 81.03784583508968
17.8286691904068 83.04861709475517
17.596379160881042 83.82065109908581
8.317927241325378 119.20988783240318
9.388740181922913 115.2746133506298
17.47404682636261 84.22164022922516
7.917491674423218 120.64917832612991
12.323849320411682 102.90018543601036
10.97202455997467 108.86579155921936
3.3287977278232574 137.89745569229126
17.429895520210266 84.36555676162243
15.954796433448792 89.07338678836823
19.400861024856567 77.3206640034914
5.749479830265045 128.71213927865028
4.0063957422971725 135.49715876579285
10.316198706626892 111.62359416484833
16.25679385662079 88.10872957110405
6.8085028529167175 124.68494847416878
5.574493318796158 129.39421012997627
9.546619832515717 114.67267721891403
6.944222629070282 124.18265268206596
10.411257266998291 111.23314276337624
6.418108135461807 126.14718675613403
4.30310720205307 134.37224254012108
8.171471655368805 119.73681598901749
9.392400324344635 115.26054739952087
6.4752306044101715 125.93149319291115
17.397430062294006 84.47108529508114
12.709075689315796 101.20924636721611
6.883769392967224 124.40604418516159
10.66613095998764 110.16956493258476
12.77101755142212 100.94010531902313
7.205721914768219 123.22300747036934
8.580893695354462 118.26008930802345
3.395424872636795 137.67568618059158
6.038109123706818 127.59641781449318
9.076536417007446 116.44469499588013
15.531403303146362 90.4492761939764
10.5768101811409 110.54452657699585
9.285829186439514 115.66318720579147
18.902933597564697 79.2486771941185
8.919815480709076 117.02349036931992
6.567036986351013 125.58599337935448
15.71964716911316 89.83267955482006
11.16518759727478 108.02908390760422
12.286873459815979 103.06397527456284
6.455563306808472 126.00590661168098
10.536843657493591 110.71154475212097
5.351399779319763 130.26853650808334
3.620307579636574 136.90122961997986
13.170867323875427 99.23200756311417
11.030031085014343 108.61560329794884
4.140490099787712 134.9926047027111
5.4760876297950745 129.77945655584335
5.07542085647583 131.35472312569618
15.553476810455322 90.37658646702766
7.195282220840454 123.26093390583992
15.596956491470337 90.23404158651829
8.440127611160278 118.76945719122887
15.980955481529236 88.98931965231895
9.521567463874817 114.76865112781525
2.9917836636304855 138.95492106676102
10.890945136547089 109.21421200037003
17.990169286727905 82.50397220253944
8.83881276845932 117.32053905725479
3.546663910150528 137.1589332818985
12.205964088439941 103.42244580388069
10.09268969297409 112.53030300140381
9.047142088413239 116.55369699001312
4.847428262233734 132.25208595395088
15.749869227409363 89.73500803112984
12.581682562828064 101.76495313644409
5.701688230037689 128.8980059325695
16.057056188583374 88.74561935663223
3.605009600520134 136.95526123046875
9.373587310314178 115.33197239041328
10.211160719394684 112.05211281776428
3.9561869353055954 135.6840007007122
7.276714086532593 122.9639895260334
16.805256247520447 86.36949844658375
5.856098711490631 128.29852104187012
15.626481175422668 90.1371419429779
17.54227578639984 83.99825915694237
6.505727589130402 125.81662908196449
4.0444797575473785 135.3545382618904
8.601438879966736 118.18567588925362
5.629200726747513 129.1806809604168
4.498098433017731 133.6186319589615
9.987828731536865 112.9493035376072
6.442613333463669 126.05477496981621
15.233304738998413 91.44300669431686
4.124234974384308 135.05418300628662
7.246206641197205 123.0753906071186
6.201799511909485 126.96881666779518
7.0027865171432495 123.96686524152756
3.2766247391700745 138.06835412979126
3.856164813041687 136.05301678180695
15.99329149723053 88.94961476325989
12.24794602394104 103.23640704154968
2.9001884385943413 139.22100067138672
11.531661033630371 106.4193069934845
13.683066248893738 97.13015705347061
12.714710474014282 101.1843167245388
5.355315536260605 130.25346398353577
9.290109992027283 115.6468003988266
15.569826483726501 90.32313115894794
11.745457768440247 105.47073408961296
8.991943836212158 116.75771325826645
5.767229348421097 128.64307686686516
3.979570299386978 135.59713289141655
4.90412774682045 132.02903345227242
11.871696472167969 104.90922778844833
10.802698314189911 109.59106162190437
7.266148865222931 123.00254702568054
19.00740671157837 78.85469496250153
14.15777862071991 95.28211429715157
2.6013287976384163 139.79289084672928
4.456620216369629 133.7797462940216
19.037787556648254 78.73868346214294
3.557898610830307 137.11998462677002
7.3326499462127686 122.76054695248604
7.079606056213379 123.68452921509743
18.080631613731384 82.1950662881136
9.710710942745209 114.0391930937767
11.02687680721283 108.62913727760315
4.658170253038406 132.99431651830673
19.547090768814087 76.73084065318108
5.268961817026138 130.5926375091076
19.521435976028442 76.83515921235085
5.142699778079987 131.08946233987808
7.3939244747161865 122.53791689872742
7.034724652767181 123.84949773550034
5.908934473991394 128.09396237134933
4.7149472534656525 132.77196288108826
2.8197393342852592 139.44665044546127
13.878057479858398 96.35904878377914
9.812042653560638 113.64373490214348
8.648712277412415 118.01396906375885
17.8665634393692 82.92216435074806
3.0766417160630226 138.6993870139122
12.302453875541687 102.99497544765472
15.239054322242737 91.42340198159218
6.466811954975128 125.96383914351463
3.694454163312912 136.63812279701233
9.880838632583618 113.37325349450111
12.182266235351562 103.52771356701851
8.120969414710999 119.91835907101631
9.742546617984772 113.91546279191971
7.068208277225494 123.72646108269691
12.171010613441467 103.57784926891327
13.538143277168274 97.71340116858482
18.233137726783752 81.66845627129078
4.840406239032745 132.2795920073986
12.933268666267395 100.24063065648079
12.427632570266724 102.44193375110626
16.14638662338257 88.46036270260811
12.028738737106323 104.21025902032852
5.52587828040123 129.58442643284798
9.412500262260437 115.1846319437027
9.86871987581253 113.42104747891426
19.630669474601746 76.3888768851757
10.913126468658447 109.1189369559288
3.634933665394783 136.8498057126999
14.657240271568298 93.44316981732845
18.30469262599945 81.41863569617271
3.5722668021917343 137.06976547837257
5.86191400885582 128.2758966088295
14.427563786506653 94.27580684423447
13.97834849357605 95.96903547644615
14.235305190086365 94.98966559767723
3.3470384925603867 137.83719688653946
6.907807350158691 124.31705892086029
3.0138937160372734 138.88926953077316
14.672844290733337 93.38731802999973
12.152650356292725 103.65934520959854
6.665161311626434 125.21869838237762
7.316493928432465 122.81924113631248
19.413384795188904 77.27047614753246
19.176286101341248 78.20537686347961
6.266006231307983 126.72447487711906
16.64242148399353 86.88597492873669
12.959871888160706 100.12717470526695
17.912668466567993 82.4353713542223
10.772206425666809 109.72048714756966
12.178428530693054 103.54488268494606
5.068970948457718 131.3800387084484
13.442439913749695 98.10440018773079
5.566780090332031 129.42425087094307
14.326326489448547 94.52957808971405
2.1644407361745834 140.92903584241867
8.66462367773056 117.95630231499672
5.8788100481033325 128.2102294266224
3.2836498469114304 138.04553151130676
19.59112513065338 76.55096389353275
17.708142518997192 83.4509439766407
5.9604969918727875 127.89495810866356
14.161195755004883 95.26903927326202
5.928592652082443 128.0180312693119
7.914109408855438 120.66143453121185
12.918671011924744 100.30355453491211
13.298072695732117 98.70036467909813
15.702593684196472 89.88852612674236
13.207894682884216 99.07671883702278
2.3331730403006077 140.61493277549744
11.038150668144226 108.58026370406151
8.750951647758484 117.64182895421982
4.280430197715759 134.45925638079643
16.49937605857849 87.33918331563473
9.33626276254654 115.47311171889305
11.971518635749817 104.46483343839645
2.385554201900959 140.50689041614532
11.121373176574707 108.21959748864174
4.63159117102623 133.09817612171173
6.808607459068298 124.68399405479431
18.990662217140198 78.91797870397568
10.238834142684937 111.93959563970566
15.232922792434692 91.44437834620476
10.909658372402191 109.13377478718758
12.536590337753296 101.96258574724197
19.471353769302368 77.03781947493553
8.5242760181427 118.46519038081169
3.217991381883621 138.25736045837402
7.931422531604767 120.5992616713047
9.835400402545929 113.55184987187386
14.101615309715271 95.49581035971642
8.162430465221405 119.76971998810768
15.764524817466736 89.68761041760445
2.289401166141033 140.70159196853638
4.587708353996277 133.26984122395515
11.775981307029724 105.33508136868477
2.7329221963882446 139.68032151460648
10.130181074142456 112.37934306263924
5.879420518875122 128.2082162797451
3.8401473313570023 136.11142933368683
6.958890020847321 124.12862628698349
8.27800041437149 119.35383826494217
3.0792285725474358 138.69174122810364
4.5050694942474365 133.59152749180794
8.524742722511292 118.46363097429276
17.249899983406067 84.94848795235157
4.396920949220657 134.01077315211296
7.539404809474945 122.01112434267998
4.866434663534164 132.17717185616493
13.925816893577576 96.17274403572083
17.558436632156372 83.94508808851242
2.854842610657215 139.3492266535759
16.259617686271667 88.09977993369102
6.930866837501526 124.23202693462372
6.768681704998016 124.83297735452652
19.00163996219635 78.87635976076126
3.3857092410326004 137.7083659172058
4.189487889409065 134.8066285252571
5.582873344421387 129.36163991689682
15.357960939407349 91.02466590702534
13.298308730125427 98.69946762919426
7.650916039943695 121.60879224538803
8.719793498516083 117.75557175278664
17.90115213394165 82.8053992241621
11.812278032302856 105.17357587814331
16.118226647377014 88.54982256889343
7.068167507648468 123.72661754488945
7.112282335758209 123.5649086534977
19.8402658700943 75.51430277526379
9.930755078792572 113.17603290081024
3.631286934018135 136.86264604330063
17.34481370449066 84.64195244014263
13.817428827285767 96.59689217805862
4.788694590330124 132.4829250574112
5.738091170787811 128.7563294172287
13.113462686538696 99.47388246655464
6.4967049062252045 125.85059702396393
15.690722227096558 89.92758952081203
17.633808851242065 83.69707986712456
18.817217707633972 79.5690517872572
5.636797547340393 129.1507549583912
10.186858832836151 112.150339782238
14.593241691589355 93.6727024614811
11.986989617347717 104.39601615071297
7.290647625923157 122.91336879134178
6.445643424987793 126.04312375187874
7.876678109169006 120.79600766301155
10.678767383098602 110.11622175574303
11.60709547996521 106.08500465750694
3.1852842569351196 138.36155384778976
8.752328157424927 117.63674914836884
13.168750524520874 99.24103543162346
13.898943305015564 96.27743288874626
13.614793300628662 97.40404412150383
15.856575012207031 89.38970118761063
4.465670794248581 133.7446205317974
3.6440660506486893 136.81741803884506
10.60714328289032 110.41737496852875
19.344410181045532 77.54561230540276
16.179949641227722 88.35333213210106
7.02762645483017 123.87535572052002
13.850645303726196 96.46658524870872
9.058565080165863 116.51129573583603
4.521248042583466 133.5286870598793
15.791507840156555 89.59997072815895
13.720874667167664 96.97944223880768
7.8322537541389465 120.9556981921196
4.672911673784256 132.9367071390152
8.135044574737549 119.86768618226051
11.009599089622498 108.70380103588104
4.5901767909526825 133.26002582907677
9.192717373371124 116.01191535592079
4.782957345247269 132.50532001256943
2.975201778113842 139.00390416383743
16.41097581386566 87.61950619518757
9.976006627082825 112.9964143037796
2.635593682527542 139.9304524064064
12.202042698860168 103.44007909297943
3.6396776884794235 136.833006888628
10.826175153255463 109.49096232652664
4.627236068248749 133.1153765320778
12.534886598587036 101.96991339325905
4.672180771827698 132.93944001197815
6.281774133443832 126.66412219405174
10.206863820552826 112.06941232085228
10.320446252822876 111.60618513822556
4.96317657828331 131.79660364985466
17.8229957818985 83.06814879179001
6.02731055021286 127.63761952519417
11.27342975139618 107.55573883652687
6.097168147563934 127.36927643418312
16.56260859966278 87.13878132402897
7.427078187465668 122.41787910461426
6.341878414154053 126.43583342432976
9.155628323554993 116.15051999688148
12.695472598075867 101.26809179782867
10.623695194721222 110.3479839861393
18.415549397468567 81.0272715985775
7.597757875919342 121.80016115307808
5.539216905832291 129.53229323029518
15.790218234062195 89.60454724729061
9.540194869041443 114.69737738370895
11.197493195533752 107.8881323337555
9.29942637681961 115.61180502176285
3.6907535195350647 136.651761084795
11.45594334602356 106.75361976027489
5.958186537027359 127.90373042225838
15.16612720489502 91.6704922914505
6.165020793676376 127.1092988550663
10.987327635288239 108.79979580640793
9.905350804328918 113.27669024467468
18.886247038841248 79.3117418885231
7.809685111045837 121.03681862354279
9.731139183044434 113.95993456244469
2.5435420125722885 140.15410989522934
6.942625641822815 124.18857216835022
8.46336305141449 118.68575513362885
6.803037047386169 124.70556497573853
6.457270264625549 125.99925696849823
8.373469352722168 119.00971010327339
10.369799971580505 111.40358746051788
3.785302996635437 136.31118461489677
6.557593464851379 125.62172934412956
3.700451582670212 136.61668226122856
17.40720510482788 84.43944081664085
7.036679446697235 123.84225875139236
3.7924124598503113 136.28523275256157
16.373034358024597 87.74018287658691
5.741077542304993 128.7448137998581
12.149278283119202 103.67419868707657
2.0129520206246525 141.16478264331818
13.853020668029785 96.45721316337585
10.86427754163742 109.3281738460064
16.87215805053711 86.15693673491478
4.508507013320923 133.5781864821911
10.306100726127625 111.66506707668304
10.283426940441132 111.75776049494743
3.768103063106537 136.3735243678093
11.038837313652039 108.57767686247826
7.902986288070679 120.7013949751854
2.7950329035520554 139.51417952775955
9.224919974803925 115.89179411530495
4.110025838017464 135.10802164673805
12.177563786506653 103.54866907000542
5.84665921330452 128.3350706100464
14.178431630134583 95.20385712385178
5.337542951107025 130.3231731057167
19.646340012550354 76.32429711520672
4.860671132802963 132.19996318221092
11.182044744491577 107.95597434043884
8.93679815530777 116.96106195449829
5.8241525292396545 128.42219397425652
11.32666301727295 107.32268318533897
7.898512899875641 120.7176148891449
10.285874724388123 111.74768954515457
5.069133758544922 131.37935549020767
14.872718214988708 92.68111810088158
19.17117166519165 78.22526060044765
8.446765542030334 118.7452994287014
13.277177214622498 98.78745153546333
6.8483046889305115 124.53720644116402
9.011961162090302 116.6837640106678
2.8376761376857758 139.39702063798904
10.027704060077667 112.7903588116169
6.576028823852539 125.55246353149414
14.330405592918396 94.6345329284668
7.458196640014648 122.30497598648071
6.154160261154175 127.15071439743042
12.071340799331665 104.0206789970398
7.4386444091796875 122.37590551376343
8.308697760105133 119.24344897270203
14.402240514755249 94.36892792582512
5.738076955080032 128.75643894076347
10.872944295406342 109.29104015231133
9.028192818164825 116.6239432990551
9.962648153305054 113.0496583878994
12.438387155532837 102.39445269107819
12.37808895111084 102.66041234135628
3.220733404159546 138.2486715912819
13.469950795173645 97.99191430211067
14.29622995853424 94.76150721311569
10.389222383499146 111.32393255829811
7.518549561500549 122.08650782704353
12.146744132041931 103.6856047809124
7.279902160167694 122.9524478316307
18.563741445541382 80.49717769026756
8.885496079921722 117.14967712759972
5.433897823095322 129.9449622631073
11.77255666255951 105.35026341676712
8.996648967266083 116.74042418599129
11.773935317993164 105.34414574503899
5.358876436948776 130.2396483719349
4.830823510885239 132.31724202632904
16.54504120349884 87.1948391199112
5.045949816703796 131.47067725658417
9.587858259677887 114.51443135738373
10.729113519191742 109.90330278873444
18.466933012008667 80.84451332688332
12.619722723960876 101.59837305545807
7.182999849319458 123.30582290887833
3.3933020383119583 137.6827374100685
18.655769109725952 80.16349077224731
3.8064299523830414 136.23463287949562
10.145769000053406 112.31636703014374
7.6528515219688416 121.60165756940842
5.849540710449219 128.32390442490578
8.92272138595581 117.01309606432915
6.303562790155411 126.58132761716843
12.994282484054565 99.9798446893692
6.5851306319236755 125.51816701889038
3.794190227985382 136.27906292676926
14.417855262756348 94.31157931685448
5.842824190855026 128.34981456398964
2.453790672123432 140.35960733890533
4.230632841587067 134.6496343612671
19.137357592582703 78.35626639425755
14.223825335502625 95.03275007009506
6.822565674781799 124.63278397917747
8.261583685874939 119.41263154149055
3.760892614722252 136.39931455254555
19.17166841030121 78.22352387011051
10.131617665290833 112.3736061155796
4.670499563217163 132.94618874788284
9.317193329334259 115.54504781961441
12.307952404022217 102.97017097473145
4.5090890526771545 133.5759960114956
7.410390555858612 122.47825786471367
10.589838206768036 110.49010381102562
9.200294077396393 115.98377302289009
18.19528639316559 81.79986104369164
12.123276948928833 103.78968343138695
3.822699695825577 136.17529198527336
8.1631680727005 119.76665332913399
7.167219877243042 123.36350530385971
12.468587756156921 102.2614598274231
11.576442122459412 106.22068345546722
6.424109578132629 126.12461447715759
10.040144681930542 112.74058297276497
11.650827288627625 105.8910384774208
7.655715584754944 121.59132584929466
10.444380939006805 111.09586283564568
9.266639590263367 115.73521196842194
5.982486546039581 127.80999392271042
16.357121348381042 87.79021948575974
3.302549496293068 137.98362463712692
16.57395112514496 87.10261769592762
11.837240815162659 105.06271198391914
10.980173647403717 108.8308535516262
11.16269850730896 108.03974941372871
3.8848047703504562 135.94772294163704
5.159312307834625 131.02426454424858
15.167811632156372 91.66457019746304
5.773443222045898 128.6191537976265
3.058068625628948 138.7563392519951
3.9324697703123093 135.7719585299492
9.160271227359772 116.13328829407692
12.957917094230652 100.13529509305954
10.623839497566223 110.34751459956169
3.8271868973970413 136.15903034806252
3.4636673778295517 137.44451850652695
15.28714632987976 91.26170352101326
13.35343885421753 98.47099632024765
4.754699200391769 132.61620476841927
12.129000782966614 103.94203066825867
4.691982448101044 132.8619547188282
7.089123606681824 123.64975288510323
12.638214945793152 101.51771679520607
7.659029722213745 121.57939821481705
11.051543474197388 108.5225448012352
4.6938101053237915 132.8548513352871
4.596626430749893 133.23491886258125
8.299637794494629 119.2762903869152
17.545790553092957 83.98680873215199
7.974630236625671 120.44398337602615
14.811999440193176 92.89412833750248
10.09635841846466 112.5154860317707
11.562068700790405 106.28432184457779
15.293548226356506 91.23988747596741
12.437882900238037 102.39669531583786
3.4724243879318237 137.41464465856552
3.8284944742918015 136.15410178899765
15.991019129753113 88.95715102553368
19.08557379245758 78.55584174394608
9.0005424618721 116.72602444887161
6.482029736042023 125.90601593255997
12.00379204750061 104.3212741613388
14.341424107551575 94.59359720349312
3.232614114880562 138.21057826280594
17.464433789253235 84.25287269055843
7.654934525489807 121.5942308306694
9.643199741840363 114.30088132619858
11.617719173431396 106.03788867592812
4.973746359348297 131.75498992204666
3.3816250413656235 137.72187381982803
7.926874041557312 120.61555981636047
13.246118307113647 98.91678839921951
9.296835362911224 115.62134921550751
5.975832790136337 127.8359092772007
6.2927567064762115 126.6224354505539
9.411533057689667 115.18839746713638
19.78449845314026 75.74918903410435
13.315605759620667 98.62758368253708
7.0414897203445435 123.82454201579094
8.684905469417572 117.88274422287941
16.23765468597412 88.16972896456718
6.4692511558532715 125.95410197973251
9.126541912555695 116.2590004503727
6.770543694496155 124.82606694102287
10.287756562232971 111.74004375934601
11.595893502235413 106.13478571176529
17.758982181549072 83.28204825520515
11.16903281211853 108.01213383674622
5.168696820735931 130.98738119006157
13.224931001663208 99.00535121560097
12.023464441299438 104.23382744193077
5.5893594622612 129.33578714728355
19.399776339530945 77.32503712177277
9.237034976482391 115.84624275565147
6.750868082046509 124.89920258522034
11.35555899143219 107.19637125730515
9.853003740310669 113.48273009061813
4.931675374507904 131.920725107193
7.3020378947258 122.87192717194557
3.1446313560009003 138.48949819803238
14.926806569099426 92.49267503619194
5.7249032855033875 128.80775332450867
9.976185262203217 112.99586668610573
3.1987698674201965 138.3188709616661
5.041731238365173 131.48730918765068
3.602841168642044 136.96280270814896
18.009973645210266 82.43659175932407
7.5633639097213745 121.92439213395119
6.703774929046631 125.07459670305252
17.88429605960846 82.86280259490013
6.397336572408676 126.22563689947128
6.813505172729492 124.66644942760468
12.77790653705597 100.91000720858574
4.185876831412315 134.8203033208847
10.666434586048126 110.16820892691612
12.709182977676392 101.20833367109299
6.012616604566574 127.69410237669945
13.456523656845093 98.04685860872269
3.9183691293001175 135.82410737872124
16.558234453201294 87.15272732079029
4.914403289556503 131.98838457465172
5.599599331617355 129.29624393582344
16.86617136001587 86.1758217215538
12.929627299308777 100.25628730654716
7.330259561538696 122.769246250391
4.699949681758881 132.83088132739067
10.102194905281067 112.49197497963905
13.304369449615479 98.67421984672546
8.669040739536285 117.94023886322975
18.04565989971161 82.31490589678288
6.408590584993362 126.18311047554016
19.088602542877197 78.54449823498726
17.1833393573761 85.16278900206089
13.68485689163208 97.12275117635727
16.727503299713135 86.61635406315327
10.240448296070099 111.93279474973679
19.128237009048462 78.3914677798748
14.930361032485962 92.47985817492008
7.036373138427734 123.84292632341385
9.310935735702515 115.56893959641457
11.703701138496399 105.65613135695457
4.864229083061218 132.18590766191483
5.487126529216766 129.73631471395493
11.8137446641922 105.16704097390175
7.64664489030838 121.62361964583397
11.688112139701843 105.7254858314991
16.43040359020233 87.55781054496765
15.693086862564087 89.91984464228153
6.879136145114899 124.42321330308914
6.700767636299133 125.08589848876
17.864653706550598 82.9284280538559
5.615386813879013 129.2346552014351
19.284394145011902 77.7826551347971
3.9273429960012436 135.79058274626732
9.577912628650665 114.55269157886505
10.57047963142395 110.57108864188194
8.024679183959961 120.26418745517731
5.174956291913986 130.96266016364098
11.359064102172852 107.18037560582161
18.15146017074585 81.95161372423172
7.538839936256409 122.01327309012413
5.812025457620621 128.46919000148773
14.555783033370972 93.80835518240929
16.863254189491272 86.18473745882511
9.86068344116211 113.45284581184387
6.236351191997528 126.83709114789963
10.235540390014648 111.95279583334923
3.4993930608034134 137.32236847281456
6.010269671678543 127.70292684435844
10.917776346206665 109.09930616617203
13.09726107120514 99.54221472144127
3.2065848857164383 138.29401433467865
2.95298919826746 139.0689194202423
17.403289079666138 84.45195257663727
17.419420957565308 83.48432779312134
8.101482629776001 119.98840719461441
19.53095030784607 76.7966017127037
12.810360193252563 100.76994746923447
4.480570465326309 133.68682861328125
4.83601438999176 132.2968602180481
5.546092212200165 129.50563728809357
5.572160065174103 129.403368383646
19.618823766708374 76.43713764846325
18.708627939224243 79.97020520269871
14.482674598693848 94.07401755452156
16.074079632759094 88.69130611419678
10.2923903465271 111.72097101807594
8.836373031139374 117.32982248067856
4.748969733715057 132.638631016016
6.617960333824158 125.39534941315651
3.3271220177412033 137.90292143821716
4.17383947968483 134.86590161919594
10.297195255756378 111.70153841376305
17.57536780834198 83.88962224125862
12.71154010295868 101.19823664426804
15.549415946006775 90.39017260074615
4.7671312391757965 132.56749287247658
15.250449419021606 91.38510003685951
5.839366018772125 128.36320772767067
18.939985632896423 79.1098065674305
15.086909770965576 91.94036610424519
2.814608134329319 139.46064859628677
17.82369315624237 83.06591399013996
8.856609761714935 117.2556959092617
9.21621298789978 115.92434868216515
16.04787015914917 88.77502642571926
8.190757811069489 119.6676179766655
5.256128787994385 130.64318522810936
10.617243945598602 110.37518754601479
5.53093746304512 129.5647330582142
15.988513946533203 88.96517753601074
10.057147204875946 112.6727357506752
9.60182237625122 114.46054056286812
16.879520177841187 86.1335039138794
8.281554877758026 119.34088841080666
5.133865922689438 131.12453073263168
8.701175212860107 117.82346591353416
6.646613836288452 125.28824582695961
13.187047481536865 99.16411861777306
10.171030580997467 112.21446841955185
4.855803996324539 132.2191871702671
2.7644309774041176 139.59672898054123
9.917811810970306 113.22716474533081
6.681365609169006 125.15825182199478
17.98092532157898 82.5353167951107
17.253957629203796 84.93565022945404
6.604314863681793 125.44640302658081
10.783188462257385 109.67369973659515
18.00907027721405 82.43938982486725
16.09064817428589 88.63822370767593
13.919857025146484 96.19623944163322
10.575384318828583 110.5506181716919
5.926971256732941 128.02444621920586
2.8703549653291702 139.30569887161255
14.175599217414856 95.21471038460732
10.228347778320312 111.98233589529991
10.061921536922455 112.65345439314842
5.733198821544647 128.7754438817501
14.306833267211914 94.72225084900856
5.583517611026764 129.35915738344193
7.296307623386383 122.8925958275795
5.716784507036209 128.8393795490265
7.898825645446777 120.71651443839073
15.154195666313171 91.71068742871284
9.505905508995056 114.82855528593063
6.195265382528305 126.99387669563293
7.963995277881622 120.48234790563583
14.055713057518005 95.67102193832397
8.516689658164978 118.492691218853
13.332658171653748 98.55677932500839
9.98911565542221 112.94440627098083
11.493088722229004 106.58961609005928
6.4051066637039185 126.19637846946716
7.5675851702690125 121.90928310155869
6.716147422790527 125.0284768640995
16.481479287147522 87.39583045244217
8.280488967895508 119.34468001127243
12.736573696136475 101.08953192830086
14.28349483013153 94.80910301208496
2.3168089501559734 140.64761251211166
9.577656745910645 114.5534373819828
6.008150726556778 127.71133929491043
6.799306631088257 124.71916675567627
7.128174424171448 123.50662127137184
9.340236186981201 115.45800790190697
9.106198966503143 116.3345143198967
4.189414396882057 134.80689972639084
18.639954805374146 80.22116012871265
8.278123795986176 119.35328543186188
8.521770298480988 118.47447380423546
13.402498602867126 98.26847165822983
18.495738863945007 80.7415820658207
9.691807270050049 114.11266252398491
15.806509971618652 89.55153003334999
4.388087630271912 134.0448297560215
18.39201033115387 81.11073113977909
12.964537858963013 100.10699108242989
19.632787346839905 76.38001590967178
2.5129375718533993 140.22575914859772
6.442765682935715 126.0541021823883
8.448893070220947 118.73764321208
11.61772346496582 106.03777393698692
14.891644954681396 92.61494502425194
3.2422857582569122 138.17977607250214
14.234952211380005 94.99109461903572
11.594543814659119 106.14061653614044
6.562801241874695 125.60217157006264
9.21841561794281 115.91586843132973
8.278670966625214 119.35126706957817
2.71763863414526 139.71996903419495
19.4675053358078 77.05320492386818
6.319554656744003 126.52055248618126
9.089287102222443 116.3972295820713
5.7994853258132935 128.5175785422325
8.587001085281372 118.23810115456581
17.59696924686432 83.81818942725658
15.981260180473328 88.9887172728777
9.47284084558487 114.95526880025864
6.6305007338523865 125.34832209348679
13.14936888217926 99.32262524962425
13.147257447242737 99.33138713240623
12.785280466079712 100.87807327508926
7.177048027515411 123.32766503095627
2.344602234661579 140.5918076634407
2.1843000799417496 140.89486449956894
12.835151314735413 100.66281780600548
5.677356839179993 128.99273857474327
7.834679007530212 120.94694152474403
2.967101037502289 139.02769684791565
8.584604263305664 118.24673265218735
8.36272656917572 119.04862225055695
11.060688734054565 108.48263129591942
5.43955996632576 129.92268204689026
7.3212913274765015 122.80228585004807
11.479836463928223 106.64810165762901
6.717628002166748 125.02305805683136
6.860521078109741 124.4919940829277
14.309306263923645 94.71284747123718
18.95078206062317 79.06857617199421
8.847937643527985 117.28713437914848
12.092542052268982 103.9262592792511
2.082036075182259 141.06285274028778
3.74629482626915 136.45232394337654
4.495314568281174 133.6295321583748
9.313614189624786 115.55846184492111
9.514688670635223 114.79495242238045
3.4281352162361145 137.5652551651001
13.221956968307495 99.01767000555992
14.311993837356567 94.70309466123581
8.413399934768677 118.86577531695366
16.83406102657318 86.27802021801472
14.963680505752563 92.364751547575
11.665405631065369 105.82665950059891
14.225467920303345 95.0266532599926
18.41659116744995 81.0233861207962
3.2285339385271072 138.22363764047623
10.355307459831238 111.46318390965462
9.17152738571167 116.09133034944534
4.637085676193237 133.0767720937729
4.283766865730286 134.44649428129196
5.340982884168625 130.30982688069344
9.16622519493103 116.11097157001495
14.126575946807861 95.40031105279922
18.51678991317749 80.6650772690773
2.7922301292419434 139.52183574438095
7.386045217514038 122.56636694073677
8.972279489040375 116.83029606938362
18.538317322731018 80.58888539671898
12.332656621932983 102.86132022738457
17.162920236587524 85.22827103734016
13.448752760887146 98.07857871055603
11.454429507255554 106.76017552614212
13.716603517532349 96.99644967913628
14.096778750419617 95.51334977149963
7.832962930202484 120.95312178134918
9.121374905109406 116.27794280648232
14.695655941963196 93.30574907362461
8.28253549337387 119.3371593952179
14.723395347595215 93.20727698504925
3.3356884568929672 137.8746435046196
4.142180159687996 134.98615324497223
4.108880132436752 135.1124495267868
9.965769171714783 113.03708404302597
5.394030541181564 130.10128885507584
5.893636763095856 128.15323024988174
18.870482087135315 79.37077768146992
4.577534735202789 133.30929055809975
17.047377109527588 85.5983953922987
2.5352008789777756 140.17375111579895
3.732358604669571 136.50229796767235
9.32383394241333 115.51993042230606
9.140626728534698 116.20653867721558
10.645446300506592 110.25666743516922
4.181323379278183 134.83769670128822
12.567128896713257 101.82865411043167
3.7386129796504974 136.47992387413979
3.831872582435608 136.14172041416168
14.54390835762024 93.85126754641533
5.749249696731567 128.71294245123863
3.2633795887231827 138.11116218566895
14.005464553833008 95.86392417550087
4.708348214626312 132.79786258935928
7.120870232582092 123.5334649682045
10.66776978969574 110.16249805688858
5.993933409452438 127.76599675416946
5.209222584962845 130.8276854455471
16.57927906513214 87.08595186471939
12.712200999259949 101.19541510939598
19.766963243484497 75.82295313477516
5.697615295648575 128.91409024596214
3.63053497672081 136.8651546537876
10.252561151981354 111.88352480530739
9.897639453411102 113.30729946494102
17.022045254707336 85.67948192358017
11.1363924741745 108.15413892269135
17.391374707221985 84.49084646999836
9.401420593261719 115.22632390260696
10.92566579580307 109.06469151377678
3.4050199389457703 137.64341324567795
6.459468603134155 125.99107921123505
6.514128267765045 125.78509151935577
5.319118320941925 130.3956724703312
5.100686728954315 131.25484809279442
9.02976942062378 116.61793515086174
4.815982848405838 132.37552419304848
6.139981031417847 127.20511108636856
2.7595920711755753 139.60963189601898
10.563631415367126 110.59978380799294
3.3852822333574295 137.7095028758049
5.547567427158356 129.4994257390499
7.753329217433929 121.23964056372643
5.7579735815525055 128.6790631711483
5.857301950454712 128.2938428223133
11.42465591430664 106.89145252108574
6.187317460775375 127.02433988451958
7.184045374393463 123.30221384763718
10.564844310283661 110.59458404779434
17.227291107177734 85.02133153378963
13.014660835266113 99.8929351568222
10.661489129066467 110.18888801336288
13.801117777824402 96.66137546300888
7.652545750141144 121.60259112715721
