15.106526374816895 91.85177460312843
11.809548616409302 105.26992008090019
2.4512836448848248 140.40978997945786
10.472957193851471 111.01346462965012
16.878543853759766 86.10959388315678
10.641404747962952 110.31856909394264
11.478673458099365 106.73128738999367
9.325521051883698 115.48156067728996
13.035128235816956 99.87336695194244
9.292475163936615 115.60409665107727
4.067404061555862 135.2334052324295
3.2546005845069885 138.13860565423965
12.71697211265564 101.25178322196007
7.1353981494903564 123.36821481585503
4.210732460021973 134.68533381819725
8.806631624698639 117.37779900431633
9.870838820934296 113.4136363863945
19.12034273147583 78.54093872010708
12.015961766242981 104.35274913907051
9.097453892230988 116.32179394364357
